2.024568012755185720e+00
1.992484317387531068e+00
2.011594415804453639e+00
1.995663898775686507e+00
2.000639882680750326e+00
1.968254998184777671e+00
2.009480038559129600e+00
1.988886623233282913e+00
1.992514883710522655e+00
1.966556582005736686e+00
2.020540732678036022e+00
2.027894917593078272e+00
1.992528061708479736e+00
2.021313807576456956e+00
1.994579617509461222e+00
2.008798867618337702e+00
2.023888961555433852e+00
1.997761783086219767e+00
1.999694703183820144e+00
1.976461750333036616e+00
1.998266226826850733e+00
2.020134110641678582e+00
1.982820875677662409e+00
1.995509405467993602e+00
2.006240582859049049e+00
2.030538482957365165e+00
2.036767790655654942e+00
2.034651638491948411e+00
2.020910774975286373e+00
2.012071851027721792e+00
2.006141788598100106e+00
1.967128647447635048e+00
2.032018525956535537e+00
1.988790022561792936e+00
2.000511194403089554e+00
1.972828296641582657e+00
1.993015791838284700e+00
2.022023157321422904e+00
2.022484655995992586e+00
1.976993336233208165e+00
2.007506648919846981e+00
1.972030091495908799e+00
2.000457972716842114e+00
1.998333444593597852e+00
1.955430828563496037e+00
2.024009188437576601e+00
1.972736847333361521e+00
1.988934170955149128e+00
2.007418665294111282e+00
1.983986362330330211e+00
2.025316570648510783e+00
1.996230591857491854e+00
1.983402771999546177e+00
1.961546329069715267e+00
1.981095654306192166e+00
1.977592938499456832e+00
1.969243742393851138e+00
2.013430887658167023e+00
1.994790697869776031e+00
1.988187426113882550e+00
1.997784437572992511e+00
2.015133072298657346e+00
1.974769711282205131e+00
1.977354913520738666e+00
1.985876900567683290e+00
1.990321296910841253e+00
1.988832683437356641e+00
2.030990140900656549e+00
1.983345971821909970e+00
1.987282415460482676e+00
2.012652388665040704e+00
1.990165260214465937e+00
2.005654754145253627e+00
2.011645806222968513e+00
2.030476127673740194e+00
2.001557954310660747e+00
1.979285754502618566e+00
2.013623878159305658e+00
2.003071760459728345e+00
2.039457408634950841e+00
2.003176992706453330e+00
1.984890741794564706e+00
2.002604476842829051e+00
1.977372192563912945e+00
2.003370019326003781e+00
2.038079675524118617e+00
1.999151165803302099e+00
1.995027690336878434e+00
1.953141776535033847e+00
2.011964634377278571e+00
1.999803651862291698e+00
2.015182143515299895e+00
2.005456516937489386e+00
1.981600156809700586e+00
1.977550313754682154e+00
2.012076623469577275e+00
1.977470885404176704e+00
2.031593470579026839e+00
2.000741266154815623e+00
1.998645689179321172e+00
1.994506587299388789e+00
1.976376902084177045e+00
1.956033037858605272e+00
2.013716629687135828e+00
1.998248591933748708e+00
1.982911532013781564e+00
1.996695883109863567e+00
2.005160790947202898e+00
1.991804829566041990e+00
1.990666748664596808e+00
2.040024850058401285e+00
1.983265152577682322e+00
2.020181132320515438e+00
2.011973431181546257e+00
2.016187144612719528e+00
2.020187875803541644e+00
2.044393823165276292e+00
2.022112517633161577e+00
1.991187669460819487e+00
1.981017922675460508e+00
2.008597592119936159e+00
1.982451482177540969e+00
1.971481170634356461e+00
2.011947117568875676e+00
1.988468593416493624e+00
1.981543554042791921e+00
1.972281965637625811e+00
2.016058169813546019e+00
2.020204743977235040e+00
2.019851716205934622e+00
2.003075445314324909e+00
2.051355421068403739e+00
1.996130636421199700e+00
2.018445364137230413e+00
2.010005259584548565e+00
1.997167774060070844e+00
1.982804694001619739e+00
1.997399587957968459e+00
2.032893297453335357e+00
2.033200252084175208e+00
1.985060401454639134e+00
1.988022097456140447e+00
1.981788014911711526e+00
2.023365599417167537e+00
1.989245146024263500e+00
2.004200608520173343e+00
1.989678382176128801e+00
2.008698145746605768e+00
2.018629079512017199e+00
2.005348951179894534e+00
1.990298837660611442e+00
2.019096902132295313e+00
1.966205711287489333e+00
2.000390177496606192e+00
1.989059593355552380e+00
2.022798528362746318e+00
2.021246471807312428e+00
2.022570854046272348e+00
1.970233336587339679e+00
1.989323409843557267e+00
2.024096496789268951e+00
1.982370166228172526e+00
2.013028835607686862e+00
2.019850227265572951e+00
2.006889132689853472e+00
1.989260487801872701e+00
1.975980724425233648e+00
2.001785706355193373e+00
1.977217011668138680e+00
1.975297067034216481e+00
1.967750942158438932e+00
1.989251533405113515e+00
2.022611659307810950e+00
1.998372457299608884e+00
1.995090472426891193e+00
2.014544795767070351e+00
1.980369478412781881e+00
1.989593807170778827e+00
2.028137990667176815e+00
2.036481552953452567e+00
1.991337749317906747e+00
2.002259327937595312e+00
1.987167759861413696e+00
1.987319401216032233e+00
2.009389235814770025e+00
1.978868949018942613e+00
1.977570305901682257e+00
2.003612436295910904e+00
2.017900436447591872e+00
2.000150558300265669e+00
2.048140954491393551e+00
2.005526031094442274e+00
2.020007697690862525e+00
2.015513728384190184e+00
1.975009578923755837e+00
2.055221374300685966e+00
1.988773124534075398e+00
1.999477330858550062e+00
1.962774062269875497e+00
1.975645512353761291e+00
1.981564550734319363e+00
2.004634934851519112e+00
1.988324909929847450e+00
2.013841355010897338e+00
2.008936678504710471e+00
2.026756604667548700e+00
1.996239417718026044e+00
1.985650299186992651e+00
2.005932009358340817e+00
2.008652585010584080e+00
1.997316611064912539e+00
2.030284698249839703e+00
1.975522094941034368e+00
2.007619125661514570e+00
2.022411225302353621e+00
1.970928044573525328e+00
1.999946420246511147e+00
1.985192237705503349e+00
2.018396489176338626e+00
2.012321883691007507e+00
1.987452593126389555e+00
2.019363573514053822e+00
1.998889473701309871e+00
1.993452349920585398e+00
1.995739181770596726e+00
1.980495913267193764e+00
2.006658621167227707e+00
2.019273034014970936e+00
1.955852529774308346e+00
2.024277485557829159e+00
2.000833773888150979e+00
1.999961078817527937e+00
2.000887219550242069e+00
1.984737802432402942e+00
2.042866280062659357e+00
1.974188445077040166e+00
1.991357236725340707e+00
1.982728233012502450e+00
2.024465869405357221e+00
2.020677414968362395e+00
2.043870355733293565e+00
2.044124868558139685e+00
1.980188851745853018e+00
2.034130640926022249e+00
1.999984446859352394e+00
1.987404531251641293e+00
1.973055794644702488e+00
2.012478671915394202e+00
1.988048318417444449e+00
1.973540075606450728e+00
1.978866028890440720e+00
1.972807875954801116e+00
2.015349697583905808e+00
1.997938643781085100e+00
1.985911605404421021e+00
2.034122865175500117e+00
2.001490012770848814e+00
1.981991823659337015e+00
2.006272362019403399e+00
2.024636788513375141e+00
2.021866406051120446e+00
2.063965145237920851e+00
2.008610596490518319e+00
1.974307918100693504e+00
1.992542527944631381e+00
2.020473941249609773e+00
2.000193824250046770e+00
1.958464665252552805e+00
2.007332879388404212e+00
1.999153732501077307e+00
2.017255410424447337e+00
2.003302424697228634e+00
2.012771995740997077e+00
2.035206013097395683e+00
2.009715196430843953e+00
2.019981928065856192e+00
2.003367543183684596e+00
1.999140632864371492e+00
1.996904114084661286e+00
2.010658761297678510e+00
1.974455013614100585e+00
2.009243421700180221e+00
2.006662140234660718e+00
2.028474619937177703e+00
1.987082516727715742e+00
1.975879301531359600e+00
2.013238276346888345e+00
1.973479365642752947e+00
1.978116761716196992e+00
1.979013291505669958e+00
1.995137274933230564e+00
2.006285793172349230e+00
2.002981428956903454e+00
2.001198946864018779e+00
2.021479897906116818e+00
1.993213421900805082e+00
2.001362445404682777e+00
1.998033620296425950e+00
2.011880431339463371e+00
1.975253442016340788e+00
1.995773003429772929e+00
2.000398203010299802e+00
1.999090796171576256e+00
2.018519502185138315e+00
2.020544850111264612e+00
2.045190738048495049e+00
2.016123077939330432e+00
2.035630917599814182e+00
1.977012552456222316e+00
1.975619345571606456e+00
2.027656474373785933e+00
1.981747477344148134e+00
1.997458933867083397e+00
1.998808998063559939e+00
2.014020277705083739e+00
1.999186118849293425e+00
1.969209012656192970e+00
1.995358567518949355e+00
1.970191881947690460e+00
1.987398652617403005e+00
2.001572838199613624e+00
2.023843028591647997e+00
2.002832828998353687e+00
1.986701028304408867e+00
1.996085605942223173e+00
1.974343536959423107e+00
1.988783985115498476e+00
1.990031736843196342e+00
2.028449862664112313e+00
1.989371851401084967e+00
1.988220251252343695e+00
1.991196080677526403e+00
1.978276073748207908e+00
2.000351002625711860e+00
2.020214981934115528e+00
2.001971986698048767e+00
1.992529879794675107e+00
1.992004013141825958e+00
1.995306826244267695e+00
2.041788000116802060e+00
2.026739987494714956e+00
2.017271571926022133e+00
1.974350157744218404e+00
2.018756067663368015e+00
2.044554150090909239e+00
1.993087410537122572e+00
2.001214699237962247e+00
1.972102265994072789e+00
1.968881779064851845e+00
2.008797805528110825e+00
1.976956027162716012e+00
1.965840623291111866e+00
1.997203906447825972e+00
2.018424217852587965e+00
1.995993664899207598e+00
1.982995552871595679e+00
2.017565217378415099e+00
1.982318976446507008e+00
2.001701371179905209e+00
2.014252239785708998e+00
2.007373129722311411e+00
1.998612690810544823e+00
2.005467620146395458e+00
2.030166377023832069e+00
1.993894666598048149e+00
2.036964436071206919e+00
1.972871626242026499e+00
1.994128862686384007e+00
2.005874963513331721e+00
2.012610116090457257e+00
1.957417796108175345e+00
1.993969882828050766e+00
2.010273927216420287e+00
2.030500572922721680e+00
2.012163626775057779e+00
1.971493758139230668e+00
2.027720245585793446e+00
2.013347532690889174e+00
1.971982021923932127e+00
2.010670984168531295e+00
1.985934968968071646e+00
1.995136760397409281e+00
1.985839638083362724e+00
2.033120314269047935e+00
2.022274307639622126e+00
1.998834967045942879e+00
2.009946246523381053e+00
2.003665039974138473e+00
1.982915470968716454e+00
1.996616328695913101e+00
2.017210428503647623e+00
2.012192957930580839e+00
1.988653701968644549e+00
2.006818176067274084e+00
2.029165395021838236e+00
1.991353777116391610e+00
2.006844557275226038e+00
2.025478853589288697e+00
2.020244787148191001e+00
1.991409458700791557e+00
2.010676507594590934e+00
2.004659361327029377e+00
1.971678941980607780e+00
2.026848480146588471e+00
2.028674590184405879e+00
1.993458856837209803e+00
1.998636898250691685e+00
1.973296756266567531e+00
2.013758384408735669e+00
1.999024210971152238e+00
2.011683155303928494e+00
2.018623724193111979e+00
1.993086338908029553e+00
1.999476462041996250e+00
2.003200277561171472e+00
2.023699922380560956e+00
2.015008442946359501e+00
1.990999872597423392e+00
1.968971477697070371e+00
1.957888239750752879e+00
2.014660335154656590e+00
2.022542921985635456e+00
1.994677047408085491e+00
1.973469692436997436e+00
1.996325149354894801e+00
1.991182549034614668e+00
1.981553505345188482e+00
1.992372160887037946e+00
1.972521357244340523e+00
1.976168026400838329e+00
2.002310805650057812e+00
2.055610374730230117e+00
1.985248624504609039e+00
2.001831492991445138e+00
2.010822436593941109e+00
2.026671282861761902e+00
2.008106568674501435e+00
2.021383267739373935e+00
2.033969058811530228e+00
1.994945218438646473e+00
1.972569182828124656e+00
2.015630622504014369e+00
1.968622430978229643e+00
2.004265977299989121e+00
1.962902524106549862e+00
1.986193805290851655e+00
1.984937629437934392e+00
1.994613860572359343e+00
2.005888381559355338e+00
2.014415685455450689e+00
1.967790285830654406e+00
1.935318559987630582e+00
2.002354722924362562e+00
2.003402793367484502e+00
1.987073021698712472e+00
2.005236417371061730e+00
2.001455858361619544e+00
2.006011927097854919e+00
1.999609908826422089e+00
1.997947206143466881e+00
2.003487052861212092e+00
1.988733731014084682e+00
1.992663321376849428e+00
2.003362476573376405e+00
1.984827648725101978e+00
1.986582047146756347e+00
1.971423716575802176e+00
2.005566324685877255e+00
2.007248106344147409e+00
2.011541966649406987e+00
2.006252847977821219e+00
1.996497646810540427e+00
1.975689530910400560e+00
1.993918315001318886e+00
2.002563267661091384e+00
2.027432843620849301e+00
2.013230110365492820e+00
2.001903629584750544e+00
2.012580114165215317e+00
1.981663577286971512e+00
2.008246776339044359e+00
2.015307718924523428e+00
1.981831776049981952e+00
1.962937291974220733e+00
1.995709174473696113e+00
1.987586169264253133e+00
1.986532961217701843e+00
1.966561471139210315e+00
2.031283479079673437e+00
2.010745966599758905e+00
2.008130480029933995e+00
2.026821460420660248e+00
2.000344639191715235e+00
1.992532762063888407e+00
2.003355849883284634e+00
2.015074377151931717e+00
1.995698450026220261e+00
1.979038864656652352e+00
1.985828285916956482e+00
2.033820490983514695e+00
1.955751792015527180e+00
1.989674973473839703e+00
1.974295742128941100e+00
2.007444650426799537e+00
1.992002494348769748e+00
2.036193845999306973e+00
1.977648717556764746e+00
2.010303702549618432e+00
1.986870493391251769e+00
2.017441294701793897e+00
1.996221500923065939e+00
1.989346724902075536e+00
2.031959544232016857e+00
1.986833415328629782e+00
2.003561285193419472e+00
2.022811214370792143e+00
1.990681184512272717e+00
1.957886858870895974e+00
1.994137779771281593e+00
2.004933609173488396e+00
1.989559498882197186e+00
2.010929496772715819e+00
1.999335256664145799e+00
1.998486493016327525e+00
1.972348762390337962e+00
2.014756661341740696e+00
2.021256738655926366e+00
1.994437980393878096e+00
2.001666826047921344e+00
1.984535596089212151e+00
2.021683636006104567e+00
1.966790500492094695e+00
1.966817112360695008e+00
2.002567556387446324e+00
2.002576600466691392e+00
1.989891535945203849e+00
2.005894926332198569e+00
1.985021628893539614e+00
1.972457360684117589e+00
1.992507061523757894e+00
1.981709793060602243e+00
1.998116766098208208e+00
2.001440907026773797e+00
2.030441232305701948e+00
2.015128100202391526e+00
1.997104564505966184e+00
2.012572657409185783e+00
1.994556665631099568e+00
2.030782207142296070e+00
2.007924004893579806e+00
1.971288456222274554e+00
2.020427077487367384e+00
1.977662806112931104e+00
2.032860294319258188e+00
1.999547617014271639e+00
2.000864219182463710e+00
1.981128939754747353e+00
2.032455057568739232e+00
1.965427159797994650e+00
2.023949128014332022e+00
1.992793597593881749e+00
2.016704562743609763e+00
1.974716076076716176e+00
2.004043543891533385e+00
1.961691607405458448e+00
1.968819559742851277e+00
1.972080807999015528e+00
1.998527394307267224e+00
2.001648036108476969e+00
1.997846645115762598e+00
2.011750802656393056e+00
1.999100048214746073e+00
1.998556102788443978e+00
2.004925372787834448e+00
2.016562180856864561e+00
1.968383316755180301e+00
1.969028783691035622e+00
2.000808063333417319e+00
1.989641889056385393e+00
2.029471968726471065e+00
1.982854320959922090e+00
2.023137083045317475e+00
2.015740967819985574e+00
2.014223740770019866e+00
1.992399513208456208e+00
1.997772883985030168e+00
1.980376484663695758e+00
1.966048195071228522e+00
2.055070373536539652e+00
1.968505929152460920e+00
1.995532251277497560e+00
2.010033658632542242e+00
1.979746754814827758e+00
1.985902523378311191e+00
2.013993280129903418e+00
1.990671374199296073e+00
1.992929910678948424e+00
1.978051842095186252e+00
2.034933890655676869e+00
2.004751903449121908e+00
2.005884046212005778e+00
2.002848457220285372e+00
1.997483502597870775e+00
1.998907307532125976e+00
1.980148813636694927e+00
1.974763152706046077e+00
2.004854712653592497e+00
2.000868191621842040e+00
2.021017253635340349e+00
1.979733883873501243e+00
1.990585811697497487e+00
1.991389670472320628e+00
1.994275886459766944e+00
1.975463940452907297e+00
1.974162627128396075e+00
2.002936874605556028e+00
1.996616220566648892e+00
1.969044913348030335e+00
2.009180084269841071e+00
1.988956587890214678e+00
2.011753011762299259e+00
1.996268925970467789e+00
2.002135079202894463e+00
2.006825057393890166e+00
1.996124891185377059e+00
2.013872458154393197e+00
2.003158796370499761e+00
2.003690271516525900e+00
2.019845045616713630e+00
2.014688301393250836e+00
2.015984351301399080e+00
2.000671903271765029e+00
2.034243477882420326e+00
2.032901683520792702e+00
1.966050359315776985e+00
1.994010334136697260e+00
2.022155897974212468e+00
1.987265473833677687e+00
1.995475747857038629e+00
1.983624247164378129e+00
1.961960663522815507e+00
1.996536173803923786e+00
1.990635801113933567e+00
2.015014144053852263e+00
1.961210935976827052e+00
2.027371231621533099e+00
1.997692178999160850e+00
1.947772675116203445e+00
1.971179727269799731e+00
1.995640973358622450e+00
2.000728863706127125e+00
1.992905732851049105e+00
1.962991430050700314e+00
2.002803616492363492e+00
1.990266089660639670e+00
1.998435667377767899e+00
1.988972435507253556e+00
2.003331086343362433e+00
1.988790309476659690e+00
2.009147101177037875e+00
1.984590078936939284e+00
1.990296639041510218e+00
1.991402473099663339e+00
1.954794680543817220e+00
2.009225556082060660e+00
1.968720858799644313e+00
1.988733620861709239e+00
2.018699347353084317e+00
1.993965242673469751e+00
2.001205438725270014e+00
1.984846787472233753e+00
1.998863754645373803e+00
1.976125087027865712e+00
2.029277011980889611e+00
2.015990083443714109e+00
2.017620863607866522e+00
1.991703111853934782e+00
2.007567559567205340e+00
1.971521711965534163e+00
1.995806184817444873e+00
1.970496576133574429e+00
2.003544155874314558e+00
1.996973450170945519e+00
2.031017004285938121e+00
2.011868385998343278e+00
1.996948684280222430e+00
1.977363782864836272e+00
2.013531481452774052e+00
2.003386449045295947e+00
1.983743898639340753e+00
2.028036510526328051e+00
1.973244980836114770e+00
1.986256711733138669e+00
1.973945604336479587e+00
2.017708462406618164e+00
1.988478480846981977e+00
2.015658255267856802e+00
1.992803054937957841e+00
2.031753777870724420e+00
2.010757034797814757e+00
1.984875792177038134e+00
2.010681860141864341e+00
1.990445700936848583e+00
1.980497437889203072e+00
1.991788727325536357e+00
2.003398955503655543e+00
1.982821570989990789e+00
2.007778310638729913e+00
1.984410270427133138e+00
2.005984186425707083e+00
1.977384134025375495e+00
1.979288424701937332e+00
2.004801985387605789e+00
1.982493857545071680e+00
2.024220672140630839e+00
1.995217035778081183e+00
1.986037198822137029e+00
2.013730006949359996e+00
1.957852274951576321e+00
1.969885832323855279e+00
1.997648789032351768e+00
2.024567206501100891e+00
2.066240174360614468e+00
1.980141586312877955e+00
2.005374871002206572e+00
2.000938561952203543e+00
1.989093050324447498e+00
1.993813516372348493e+00
2.009201101373843557e+00
2.011564983053592659e+00
2.012379911654097242e+00
2.029092157581132039e+00
2.003620996387970088e+00
1.956211269485379267e+00
1.969295765733964698e+00
1.987431395349987362e+00
2.017086842673033509e+00
1.977358653388227694e+00
2.008863597179971539e+00
1.965095001571075306e+00
1.981625765551964680e+00
2.009025642450544602e+00
2.046816204580044651e+00
1.986046349670977040e+00
2.044675561554793575e+00
2.015037980997889999e+00
2.011348358102965417e+00
2.040699178440896766e+00
2.004334688840619272e+00
2.004331874248524326e+00
2.070257805828942033e+00
1.983948759202687206e+00
1.973633400733733723e+00
2.005290026611130649e+00
2.008419915294433977e+00
2.010043938135293917e+00
2.000519013738210283e+00
2.002719942660635688e+00
1.980494191367962342e+00
2.019850380216929420e+00
2.021040594136810142e+00
1.993657028999212377e+00
1.994804920131764359e+00
1.977659771208895023e+00
1.977637974607604265e+00
1.987153426095809028e+00
1.999819343556971996e+00
2.017482562979455718e+00
2.014471776999148034e+00
2.023260029323093789e+00
1.992799399670653671e+00
2.030324726227245247e+00
2.005498262369553419e+00
2.010933174691604375e+00
2.001431329283222649e+00
1.992354791592391816e+00
1.983667132884511686e+00
1.982904193993600739e+00
1.986794188509019232e+00
1.978353998984325957e+00
2.000971665080707229e+00
1.981722397433292704e+00
2.003948258275600303e+00
1.986248250038674446e+00
2.016081607006204202e+00
2.018172643705851588e+00
2.001150321747910965e+00
2.011195833190379201e+00
1.977972349665995777e+00
1.987778589425404085e+00
2.054568788884535202e+00
1.994945087266241091e+00
1.997476716589626111e+00
2.010126275251577166e+00
2.015486276262772769e+00
1.992006981519813813e+00
2.052346850242916076e+00
1.979708558191084267e+00
1.969692221050514558e+00
2.007249732540028919e+00
2.027686092897523995e+00
1.993308490155310642e+00
1.997878582421970028e+00
2.027397484430272900e+00
1.978368880239965044e+00
1.973022347037751034e+00
1.976604299075698457e+00
1.974380988279458737e+00
1.985282122982845232e+00
2.017144972474903319e+00
1.976289183054244392e+00
1.974860938729379178e+00
1.975210751929847852e+00
2.016460078039573389e+00
2.014281502064393159e+00
1.987118068168971963e+00
1.976768614888655407e+00
1.992972415438216460e+00
2.024397012551822694e+00
1.997432082568755485e+00
1.973275554395339748e+00
1.997222800564698364e+00
2.013431517265652282e+00
1.989366362870308880e+00
2.002618636593041401e+00
2.026296054860484475e+00
1.998255258847446481e+00
1.998260612492509303e+00
1.984803848826006911e+00
1.969597076565124061e+00
2.007331322656679351e+00
2.006780185362949442e+00
2.013560374542556985e+00
1.982669674990434672e+00
2.025240956772561329e+00
2.034589644210294423e+00
1.997776983628195335e+00
1.984841030757141578e+00
2.015361747339929011e+00
1.964878109124820860e+00
2.005549921401881264e+00
2.030830998057803871e+00
2.048058865531750872e+00
2.002986463588002142e+00
1.978493131097722957e+00
2.007311388789272844e+00
1.971376854203411577e+00
1.988117201841217652e+00
1.987008282385906988e+00
1.972283433663403862e+00
2.013766765832677663e+00
1.993961862235539284e+00
2.000166356754271568e+00
2.000507204147067064e+00
2.011701895062472101e+00
1.983863024473393022e+00
1.981973753356357060e+00
1.982830659776218418e+00
2.003044311487426565e+00
2.026161329068457917e+00
1.990513916322940391e+00
1.999384050595746531e+00
1.996715645509319348e+00
1.977929723826160613e+00
1.992796698077291540e+00
2.039830038128382927e+00
1.997942851582574120e+00
1.999838393888750288e+00
2.028701851559889580e+00
1.989536341479437809e+00
2.018394974565769662e+00
1.998479430641736609e+00
2.021043302619401683e+00
2.040238929178940896e+00
2.001837841060053247e+00
1.999687355525740617e+00
1.980209444594018819e+00
1.997999935409166206e+00
1.956764613825157761e+00
2.012887367384432746e+00
2.020159409552219731e+00
1.996576710429134538e+00
1.987858294462243824e+00
1.977910579569654770e+00
2.018971775150328440e+00
1.997103244971598635e+00
1.983644505892021348e+00
1.985969620351899056e+00
2.052000700920527443e+00
2.014071517101010400e+00
1.990255917684097930e+00
2.013865911827964705e+00
2.032961872009006132e+00
1.983249220869758522e+00
2.015826015423522577e+00
1.994394873804362867e+00
2.026977846739262734e+00
1.998348000129516411e+00
1.964628200918575818e+00
1.980000862901119429e+00
2.012217273111550409e+00
2.031991343988539978e+00
2.021813443120626275e+00
1.982776644416405221e+00
2.037851697613925150e+00
2.005816763870295727e+00
2.034951819384199112e+00
2.040363674010736705e+00
2.047830374670752462e+00
2.003418089264360713e+00
2.005298744595196858e+00
2.005985512269910398e+00
1.978340221582541636e+00
1.986503891936978849e+00
1.970380531973779270e+00
1.999933937065790479e+00
1.977883203605556695e+00
1.971611169269256170e+00
1.990156708888427328e+00
1.992720974286295021e+00
2.012356115598354922e+00
2.016604350693393499e+00
1.983535623653594371e+00
2.023515443887776044e+00
1.970126706128017435e+00
1.993058225788132409e+00
2.013754679556479577e+00
2.008720080270519848e+00
1.999706206210545956e+00
1.992865810486916578e+00
1.988160533039244227e+00
2.024074874163647397e+00
2.013013908200351310e+00
1.996992974371197160e+00
1.958288551191561311e+00
1.990296322089379011e+00
1.987696395047896747e+00
2.001502773181688788e+00
2.007078141613988453e+00
1.988079000767926541e+00
2.014804880794819564e+00
1.987800973114544067e+00
2.016963880615258109e+00
2.026623206342527350e+00
1.983693799409689040e+00
1.977232362413301248e+00
1.983252162138954278e+00
1.976820185384299489e+00
1.993875058085300855e+00
2.003758544794095986e+00
2.005582019930408855e+00
1.987983682677347597e+00
1.969896397851244263e+00
1.976008223133140618e+00
2.034365219115482848e+00
2.005369189716332823e+00
2.029953229574434026e+00
1.993186399700542566e+00
2.031437171883873738e+00
1.966110038636261326e+00
2.011107283309905736e+00
1.996651768706390495e+00
2.005608892659012987e+00
1.984358217409560865e+00
1.994741971703605676e+00
2.016014984774530561e+00
2.015466976474403538e+00
2.023256797515257777e+00
2.011683632918142450e+00
1.985272603927561885e+00
2.020297489352317566e+00
1.996450463659289021e+00
1.990248870283309657e+00
1.994389302939161945e+00
2.019917008097304567e+00
1.993785864437064737e+00
2.030845158036698628e+00
1.971271142322120751e+00
2.036507676095834718e+00
2.004672815757435611e+00
2.004842703739313503e+00
1.965903565717325607e+00
1.982142773100990629e+00
1.977257275556484784e+00
1.976369419180907139e+00
1.971696517996422759e+00
1.982958369792052977e+00
1.963410993163615004e+00
2.017052104370878229e+00
1.988388808731480717e+00
2.007872787902707401e+00
2.009719008912546290e+00
2.007205162006396204e+00
2.000222906664105071e+00
2.014854853617664254e+00
1.990993347282216552e+00
2.009566692066176774e+00
2.003475300022377503e+00
2.016305694898732348e+00
1.990459690070876642e+00
