2.003781775686012345e+00
1.990575802554483298e+00
2.004182081964138273e+00
1.959115083952702951e+00
2.008096255712418454e+00
2.024648864823333838e+00
1.952361004549771240e+00
1.976915379831559294e+00
1.993668732514187303e+00
1.990414212872040345e+00
2.017942603777718169e+00
2.002459553704012407e+00
1.979733144731518513e+00
2.007169788748317529e+00
1.978379565281589425e+00
2.025242548890896277e+00
1.966288198322869274e+00
1.983856370322904406e+00
2.014738227980624075e+00
1.995384368249742302e+00
1.961326766740609351e+00
1.985028820334248989e+00
2.007486656882454312e+00
1.998006311067437535e+00
1.986856133453736462e+00
1.982212184327938997e+00
2.008666452955708781e+00
1.970597053269216747e+00
1.981649952255167157e+00
1.974791781163413917e+00
2.036026129995180955e+00
1.984873672689946300e+00
1.995968877898852911e+00
2.046830616723400276e+00
1.989990335462860527e+00
1.988830113243760467e+00
2.004520015695876012e+00
1.992511937813095102e+00
1.997069827362343064e+00
2.009401861839660519e+00
1.982862496976487865e+00
1.996982437544834843e+00
2.045798294766702607e+00
1.969012105447960792e+00
1.995802860827567304e+00
2.003286800004862922e+00
2.010906626602076752e+00
1.979641611471529172e+00
2.046280535003907275e+00
1.970108329569278505e+00
2.004843971210075182e+00
1.948012358788165255e+00
1.968865116738860888e+00
1.962980872649872532e+00
2.016979410545777451e+00
2.011471815842674538e+00
1.987247245945426455e+00
2.011810072311175368e+00
1.977148337094537522e+00
2.023338421101664508e+00
1.991953150570816344e+00
2.011463269978904123e+00
2.006905904502814586e+00
1.969680950435759970e+00
1.989201339467623342e+00
2.011437953570725412e+00
2.004615273318650193e+00
1.972298837225409773e+00
2.026006463428946525e+00
2.008544084596065815e+00
1.975759578045598763e+00
1.983717954555791474e+00
2.022520301027994183e+00
1.997524657008727722e+00
1.985308701212299631e+00
1.988135866815758046e+00
1.985205861082338652e+00
1.985494012195520463e+00
2.001366524099277733e+00
2.001422007328307551e+00
1.992447176613868276e+00
2.018546656685610508e+00
2.006312438022260558e+00
2.031523638660544862e+00
1.979996705072243346e+00
1.994801656697114955e+00
1.989730107517929003e+00
2.022566984279338342e+00
1.991537761589464939e+00
2.024202316621875219e+00
2.043965380286907774e+00
1.975607883494991279e+00
1.983739658346902024e+00
2.004924845426999003e+00
2.017505894995488269e+00
2.012514680489583707e+00
2.014975706522643684e+00
2.013180276468280461e+00
1.997538348693142396e+00
1.998971877900070915e+00
