3.125000000000000000e-01
3.217999999999999750e-01
2.386999999999999955e-01
3.921999999999999931e-01
2.791000000000000147e-01
2.777000000000000024e-01
1.844999999999999973e-01
3.466000000000000192e-01
2.646000000000000019e-01
2.523000000000000242e-01
2.702999999999999847e-01
2.849999999999999756e-01
3.856999999999999873e-01
4.163999999999999924e-01
3.210000000000000075e-01
3.168000000000000260e-01
4.033999999999999808e-01
3.978999999999999759e-01
2.157000000000000028e-01
2.874999999999999778e-01
3.079000000000000070e-01
2.693999999999999728e-01
2.802000000000000046e-01
4.396999999999999797e-01
3.854000000000000203e-01
3.612000000000000210e-01
3.210999999999999965e-01
2.963999999999999968e-01
2.748999999999999777e-01
2.544000000000000150e-01
3.488999999999999879e-01
2.851000000000000201e-01
2.936000000000000276e-01
2.156000000000000139e-01
4.847000000000000197e-01
2.896000000000000241e-01
3.281000000000000028e-01
3.020999999999999797e-01
4.023999999999999799e-01
4.146000000000000241e-01
2.757999999999999896e-01
1.904000000000000137e-01
2.732999999999999874e-01
2.671000000000000041e-01
4.030000000000000249e-01
2.843999999999999861e-01
3.079000000000000070e-01
2.852000000000000091e-01
2.487000000000000044e-01
1.656999999999999862e-01
3.906999999999999917e-01
2.662999999999999812e-01
2.742999999999999883e-01
4.087999999999999967e-01
4.112999999999999989e-01
3.008000000000000118e-01
2.652999999999999803e-01
2.566999999999999837e-01
2.558000000000000274e-01
3.161999999999999811e-01
2.983000000000000096e-01
3.675999999999999823e-01
2.908999999999999919e-01
3.610999999999999766e-01
2.955999999999999739e-01
3.169000000000000150e-01
3.269000000000000239e-01
2.861000000000000210e-01
2.421999999999999986e-01
3.786999999999999811e-01
2.310999999999999999e-01
3.237999999999999767e-01
3.634000000000000008e-01
2.104999999999999927e-01
3.639999999999999902e-01
2.750000000000000222e-01
2.953999999999999959e-01
1.970000000000000084e-01
1.895000000000000018e-01
3.146999999999999797e-01
3.474999999999999756e-01
3.385000000000000231e-01
3.185000000000000053e-01
3.914000000000000257e-01
3.827999999999999736e-01
3.064000000000000057e-01
1.038000000000000034e-01
3.437000000000000055e-01
2.849999999999999756e-01
2.424999999999999933e-01
3.090999999999999859e-01
2.379000000000000004e-01
4.002000000000000002e-01
4.304000000000000048e-01
3.644000000000000017e-01
2.010000000000000120e-01
3.249000000000000221e-01
3.617000000000000215e-01
3.194000000000000172e-01
3.532000000000000139e-01
