3.743000000000000216e-01
3.129000000000000115e-01
3.503000000000000003e-01
4.223000000000000087e-01
1.112999999999999962e-01
3.832999999999999741e-01
2.731999999999999984e-01
1.900000000000000022e-01
1.802999999999999881e-01
3.392000000000000015e-01
3.791999999999999815e-01
2.715000000000000191e-01
2.315000000000000113e-01
3.323999999999999733e-01
2.005000000000000115e-01
1.741000000000000048e-01
2.600999999999999979e-01
3.375000000000000222e-01
1.685999999999999999e-01
2.576999999999999846e-01
3.128000000000000225e-01
3.232999999999999763e-01
1.395000000000000129e-01
2.872000000000000108e-01
1.819000000000000061e-01
3.743000000000000216e-01
3.158000000000000251e-01
2.716999999999999971e-01
3.018000000000000127e-01
2.844999999999999751e-01
4.334000000000000075e-01
3.106999999999999762e-01
2.987000000000000210e-01
2.056999999999999940e-01
2.194000000000000117e-01
2.267000000000000126e-01
1.686999999999999889e-01
2.666000000000000036e-01
2.386000000000000065e-01
2.419999999999999929e-01
1.897999999999999965e-01
3.845999999999999974e-01
3.054999999999999938e-01
2.389999999999999902e-01
4.158999999999999919e-01
2.252000000000000113e-01
4.220999999999999752e-01
3.533000000000000029e-01
3.158000000000000251e-01
2.706999999999999962e-01
2.818999999999999839e-01
3.049000000000000044e-01
2.641999999999999904e-01
4.068999999999999839e-01
3.196999999999999842e-01
3.610999999999999766e-01
3.269000000000000239e-01
2.467000000000000026e-01
1.882999999999999952e-01
2.399999999999999911e-01
3.961000000000000076e-01
1.203999999999999931e-01
3.647000000000000242e-01
3.595999999999999752e-01
2.472999999999999921e-01
3.563000000000000056e-01
2.242000000000000104e-01
3.160000000000000031e-01
2.622999999999999776e-01
2.693999999999999728e-01
3.201999999999999846e-01
2.718999999999999750e-01
1.895999999999999908e-01
2.928999999999999937e-01
1.847999999999999921e-01
3.963999999999999746e-01
4.042999999999999927e-01
1.693000000000000060e-01
2.836000000000000187e-01
2.459000000000000075e-01
3.785999999999999921e-01
1.734999999999999876e-01
3.640999999999999792e-01
2.948999999999999955e-01
3.029000000000000026e-01
2.541999999999999815e-01
3.336000000000000076e-01
2.457999999999999907e-01
2.763999999999999790e-01
2.591999999999999860e-01
3.331000000000000072e-01
2.844999999999999751e-01
2.974999999999999867e-01
3.675999999999999823e-01
2.200999999999999901e-01
2.659000000000000252e-01
2.696000000000000063e-01
2.149999999999999967e-01
2.646000000000000019e-01
2.200999999999999901e-01
3.262999999999999790e-01
2.893999999999999906e-01
2.436000000000000110e-01
1.489999999999999936e-01
4.101000000000000201e-01
3.069999999999999951e-01
2.792000000000000037e-01
1.791000000000000092e-01
3.028000000000000136e-01
2.783999999999999808e-01
2.109999999999999931e-01
3.572000000000000175e-01
3.093000000000000194e-01
3.817999999999999727e-01
3.093000000000000194e-01
3.673000000000000154e-01
2.200000000000000011e-01
2.959999999999999853e-01
3.806999999999999829e-01
3.684999999999999942e-01
1.633000000000000007e-01
4.264999999999999902e-01
3.235000000000000098e-01
3.851999999999999869e-01
1.895000000000000018e-01
2.949999999999999845e-01
2.541999999999999815e-01
4.363000000000000211e-01
2.690000000000000169e-01
1.822000000000000008e-01
3.019000000000000017e-01
2.832000000000000073e-01
3.071999999999999731e-01
3.508999999999999897e-01
3.694999999999999951e-01
4.037000000000000033e-01
3.930000000000000160e-01
2.223999999999999866e-01
2.852999999999999980e-01
3.991000000000000103e-01
2.366999999999999937e-01
3.176999999999999824e-01
2.270999999999999963e-01
4.451999999999999846e-01
2.482000000000000040e-01
2.607999999999999763e-01
2.610000000000000098e-01
2.217999999999999972e-01
2.857999999999999985e-01
3.544999999999999818e-01
3.489999999999999769e-01
3.664999999999999925e-01
2.477000000000000035e-01
2.686999999999999944e-01
1.917999999999999983e-01
2.793999999999999817e-01
4.047000000000000042e-01
2.384000000000000008e-01
1.814000000000000057e-01
3.684000000000000052e-01
3.588000000000000078e-01
2.270000000000000073e-01
3.214000000000000190e-01
3.317999999999999838e-01
3.089999999999999969e-01
3.029999999999999916e-01
3.473999999999999866e-01
2.999999999999999889e-01
4.320999999999999841e-01
3.482000000000000095e-01
2.033000000000000085e-01
3.128000000000000225e-01
3.518999999999999906e-01
2.318000000000000060e-01
2.112999999999999878e-01
2.594000000000000195e-01
2.200999999999999901e-01
2.832999999999999963e-01
2.879999999999999782e-01
2.036999999999999922e-01
2.109999999999999931e-01
2.856000000000000205e-01
2.595000000000000084e-01
3.402000000000000024e-01
3.776999999999999802e-01
2.828999999999999848e-01
2.716000000000000081e-01
2.975999999999999757e-01
3.966000000000000081e-01
3.156999999999999806e-01
2.710000000000000187e-01
3.688000000000000167e-01
3.398999999999999799e-01
2.711999999999999966e-01
3.733000000000000207e-01
1.990000000000000102e-01
2.504000000000000115e-01
2.508000000000000229e-01
2.253999999999999893e-01
2.489000000000000101e-01
2.928999999999999937e-01
2.559000000000000163e-01
3.714000000000000079e-01
4.366999999999999771e-01
1.734999999999999876e-01
3.512000000000000122e-01
2.985999999999999766e-01
3.200000000000000067e-01
4.205999999999999739e-01
2.590999999999999970e-01
2.821000000000000174e-01
3.065999999999999837e-01
2.967000000000000193e-01
3.135000000000000009e-01
3.929000000000000270e-01
3.509999999999999787e-01
3.327999999999999847e-01
2.586999999999999855e-01
1.899000000000000132e-01
2.781000000000000139e-01
2.690000000000000169e-01
3.761999999999999789e-01
3.728000000000000203e-01
3.558999999999999941e-01
3.346000000000000085e-01
4.324000000000000066e-01
2.286999999999999866e-01
2.783999999999999808e-01
2.358999999999999986e-01
2.525000000000000022e-01
3.896999999999999909e-01
2.383000000000000118e-01
2.626000000000000001e-01
3.850000000000000089e-01
3.507000000000000117e-01
2.822000000000000064e-01
3.397999999999999909e-01
1.233999999999999958e-01
3.901000000000000023e-01
2.424000000000000044e-01
2.384000000000000008e-01
3.256999999999999895e-01
3.664999999999999925e-01
2.250000000000000056e-01
4.319000000000000061e-01
2.539000000000000146e-01
2.727999999999999869e-01
2.280999999999999972e-01
3.123000000000000220e-01
4.346999999999999753e-01
2.710000000000000187e-01
3.068000000000000171e-01
3.063000000000000167e-01
2.762000000000000011e-01
2.278000000000000025e-01
3.380000000000000226e-01
2.649000000000000243e-01
2.495999999999999885e-01
1.421999999999999931e-01
1.214999999999999969e-01
3.337999999999999856e-01
3.337999999999999856e-01
2.431999999999999995e-01
3.915000000000000147e-01
2.482999999999999929e-01
3.136999999999999789e-01
3.438999999999999835e-01
2.964999999999999858e-01
2.772999999999999909e-01
2.011999999999999900e-01
3.506000000000000227e-01
3.830999999999999961e-01
2.917000000000000148e-01
3.395000000000000240e-01
2.721999999999999975e-01
3.274000000000000243e-01
3.353999999999999759e-01
2.955999999999999739e-01
3.504999999999999782e-01
3.212999999999999745e-01
2.336999999999999911e-01
2.472999999999999921e-01
3.116999999999999771e-01
3.553999999999999937e-01
3.196999999999999842e-01
3.448999999999999844e-01
3.750999999999999890e-01
3.058000000000000163e-01
2.303000000000000047e-01
3.482000000000000095e-01
3.418999999999999817e-01
2.831000000000000183e-01
2.955999999999999739e-01
4.173000000000000043e-01
2.622999999999999776e-01
2.886000000000000232e-01
1.590000000000000024e-01
3.008000000000000118e-01
2.893999999999999906e-01
3.435000000000000275e-01
2.310999999999999999e-01
4.168000000000000038e-01
2.343999999999999972e-01
3.004999999999999893e-01
2.802000000000000046e-01
2.461000000000000132e-01
3.785999999999999921e-01
3.224000000000000199e-01
4.384000000000000119e-01
3.062000000000000277e-01
3.749000000000000110e-01
3.049999999999999933e-01
2.705000000000000182e-01
2.061000000000000054e-01
2.058000000000000107e-01
3.321999999999999953e-01
2.687999999999999834e-01
3.215000000000000080e-01
4.128000000000000003e-01
2.978000000000000091e-01
2.195000000000000007e-01
3.517000000000000126e-01
2.590999999999999970e-01
2.691999999999999948e-01
2.396999999999999964e-01
2.222999999999999976e-01
3.078000000000000180e-01
3.830000000000000071e-01
3.774000000000000132e-01
1.529999999999999971e-01
2.054999999999999882e-01
3.454999999999999738e-01
2.605000000000000093e-01
3.074999999999999956e-01
3.467000000000000082e-01
3.527000000000000135e-01
2.785000000000000253e-01
2.656999999999999917e-01
3.723000000000000198e-01
2.285000000000000087e-01
3.180000000000000049e-01
3.289000000000000257e-01
1.925000000000000044e-01
3.726999999999999758e-01
3.914000000000000257e-01
2.348000000000000087e-01
2.132000000000000006e-01
3.454999999999999738e-01
2.923000000000000043e-01
3.048000000000000154e-01
3.286000000000000032e-01
3.508000000000000007e-01
2.997000000000000219e-01
2.464999999999999969e-01
3.618000000000000105e-01
2.434000000000000052e-01
2.571999999999999842e-01
3.437999999999999945e-01
3.290000000000000147e-01
1.857000000000000040e-01
2.172999999999999932e-01
2.826000000000000179e-01
3.000999999999999779e-01
4.203999999999999959e-01
2.886000000000000232e-01
3.184000000000000163e-01
3.267999999999999794e-01
4.119999999999999774e-01
1.976999999999999869e-01
3.478999999999999870e-01
3.165000000000000036e-01
2.505000000000000004e-01
2.242000000000000104e-01
3.076999999999999735e-01
3.664999999999999925e-01
2.308999999999999941e-01
2.914999999999999813e-01
3.619999999999999885e-01
3.472999999999999976e-01
1.897999999999999965e-01
2.736999999999999988e-01
3.282999999999999807e-01
4.439000000000000168e-01
2.923999999999999932e-01
3.121999999999999775e-01
4.263000000000000123e-01
2.849999999999999756e-01
2.525000000000000022e-01
3.215999999999999970e-01
1.935000000000000053e-01
3.095999999999999863e-01
3.336999999999999966e-01
2.879999999999999782e-01
3.517000000000000126e-01
2.560000000000000053e-01
2.127999999999999892e-01
2.117999999999999883e-01
2.381999999999999951e-01
2.757999999999999896e-01
4.444000000000000172e-01
3.819000000000000172e-01
2.454999999999999960e-01
3.845999999999999974e-01
3.600999999999999757e-01
2.454000000000000070e-01
3.351000000000000090e-01
2.469999999999999973e-01
2.457000000000000017e-01
2.711999999999999966e-01
1.612000000000000099e-01
3.439999999999999725e-01
2.036999999999999922e-01
3.135000000000000009e-01
2.300000000000000100e-01
2.841000000000000192e-01
2.636999999999999900e-01
3.632000000000000228e-01
3.473999999999999866e-01
2.157000000000000028e-01
2.892000000000000126e-01
3.149000000000000132e-01
2.841000000000000192e-01
2.283999999999999919e-01
2.927000000000000157e-01
2.715000000000000191e-01
2.245000000000000051e-01
4.859999999999999876e-01
1.834999999999999964e-01
1.552000000000000046e-01
3.081999999999999740e-01
3.572000000000000175e-01
2.069999999999999896e-01
3.176999999999999824e-01
3.514999999999999791e-01
2.888999999999999901e-01
2.351999999999999924e-01
3.856999999999999873e-01
2.555000000000000049e-01
2.013000000000000067e-01
3.487000000000000099e-01
3.432000000000000051e-01
2.899999999999999800e-01
1.894000000000000128e-01
3.119999999999999996e-01
3.617000000000000215e-01
2.117999999999999883e-01
3.245000000000000107e-01
2.706000000000000072e-01
3.271999999999999909e-01
2.147000000000000020e-01
3.748000000000000220e-01
3.225999999999999979e-01
3.695999999999999841e-01
5.131999999999999895e-01
2.768999999999999795e-01
3.311000000000000054e-01
2.142000000000000015e-01
2.565999999999999948e-01
3.013000000000000123e-01
3.593000000000000083e-01
3.865999999999999992e-01
3.508000000000000007e-01
2.399000000000000021e-01
3.546000000000000263e-01
3.146999999999999797e-01
3.728000000000000203e-01
3.623000000000000109e-01
4.341999999999999749e-01
3.059999999999999942e-01
3.276000000000000023e-01
4.096000000000000196e-01
3.004000000000000004e-01
3.245999999999999996e-01
3.788000000000000256e-01
2.888999999999999901e-01
4.280999999999999805e-01
3.561000000000000276e-01
2.516999999999999793e-01
3.870999999999999996e-01
3.703000000000000180e-01
2.612999999999999767e-01
2.139999999999999958e-01
2.674000000000000266e-01
2.524000000000000132e-01
3.438999999999999835e-01
2.993000000000000105e-01
4.312000000000000277e-01
3.698000000000000176e-01
2.944999999999999840e-01
2.933000000000000052e-01
2.300999999999999990e-01
2.639000000000000234e-01
1.590999999999999914e-01
2.053999999999999992e-01
1.832000000000000017e-01
4.511000000000000010e-01
2.096999999999999975e-01
2.459000000000000075e-01
4.122999999999999998e-01
3.613000000000000100e-01
2.217000000000000082e-01
1.370999999999999996e-01
5.394999999999999796e-01
2.824999999999999734e-01
1.526000000000000134e-01
3.453999999999999848e-01
2.579000000000000181e-01
2.747999999999999887e-01
3.402999999999999914e-01
2.652999999999999803e-01
3.546000000000000263e-01
3.128000000000000225e-01
2.858999999999999875e-01
3.230999999999999983e-01
2.726999999999999980e-01
3.765999999999999903e-01
2.605999999999999983e-01
1.968999999999999917e-01
2.184000000000000108e-01
2.871000000000000218e-01
3.507000000000000117e-01
2.984999999999999876e-01
2.645000000000000129e-01
2.260999999999999954e-01
3.593999999999999972e-01
4.648999999999999799e-01
2.429999999999999938e-01
2.134000000000000064e-01
2.614000000000000212e-01
1.605000000000000038e-01
2.691999999999999948e-01
3.437999999999999945e-01
2.999999999999999889e-01
3.361000000000000099e-01
3.497000000000000108e-01
3.755999999999999894e-01
3.894000000000000239e-01
2.149000000000000077e-01
2.610000000000000098e-01
2.805000000000000271e-01
3.017000000000000237e-01
2.386999999999999955e-01
4.076000000000000179e-01
3.494999999999999774e-01
2.053999999999999992e-01
3.806999999999999829e-01
1.852999999999999925e-01
2.526999999999999802e-01
2.621999999999999886e-01
3.280000000000000138e-01
3.659000000000000030e-01
2.341999999999999915e-01
3.125000000000000000e-01
3.458999999999999853e-01
3.371000000000000107e-01
2.793999999999999817e-01
2.510000000000000009e-01
3.658000000000000140e-01
2.403000000000000136e-01
2.255999999999999950e-01
2.711000000000000076e-01
4.502999999999999781e-01
3.874000000000000221e-01
2.998000000000000109e-01
3.674000000000000044e-01
2.519000000000000128e-01
3.739000000000000101e-01
4.242000000000000215e-01
3.156999999999999806e-01
3.247999999999999776e-01
3.086999999999999744e-01
1.958999999999999908e-01
4.213000000000000078e-01
2.722999999999999865e-01
3.301000000000000045e-01
3.457999999999999963e-01
2.049999999999999878e-01
2.472000000000000031e-01
3.803000000000000269e-01
2.641999999999999904e-01
3.937999999999999834e-01
3.280000000000000138e-01
3.255000000000000115e-01
4.188999999999999946e-01
2.144999999999999962e-01
3.141999999999999793e-01
2.247000000000000108e-01
3.235000000000000098e-01
3.533999999999999919e-01
2.013999999999999957e-01
2.938000000000000056e-01
1.786000000000000087e-01
3.721999999999999753e-01
2.893999999999999906e-01
2.960999999999999743e-01
3.019999999999999907e-01
3.400000000000000244e-01
2.520999999999999908e-01
2.220999999999999919e-01
3.721999999999999753e-01
1.821000000000000119e-01
3.187999999999999723e-01
3.623000000000000109e-01
3.481000000000000205e-01
2.985999999999999766e-01
2.914999999999999813e-01
3.891000000000000014e-01
2.671000000000000041e-01
2.260999999999999954e-01
3.407000000000000028e-01
2.887000000000000122e-01
2.416999999999999982e-01
2.751000000000000112e-01
3.229000000000000203e-01
1.907999999999999974e-01
2.368999999999999995e-01
1.673999999999999932e-01
3.724999999999999978e-01
4.017000000000000015e-01
3.427000000000000046e-01
2.565000000000000058e-01
3.698000000000000176e-01
2.984999999999999876e-01
3.155999999999999917e-01
3.729999999999999982e-01
3.191999999999999837e-01
2.546999999999999820e-01
4.154999999999999805e-01
3.373999999999999777e-01
3.687000000000000277e-01
3.958999999999999742e-01
4.294999999999999929e-01
3.287999999999999812e-01
3.004000000000000004e-01
2.452999999999999903e-01
2.255999999999999950e-01
4.089999999999999747e-01
3.069999999999999951e-01
4.398000000000000242e-01
2.834999999999999742e-01
3.504999999999999782e-01
4.621000000000000107e-01
2.555999999999999939e-01
2.467999999999999916e-01
3.090999999999999859e-01
1.925999999999999934e-01
3.857999999999999763e-01
2.275999999999999968e-01
3.526000000000000245e-01
3.587000000000000188e-01
2.938000000000000056e-01
3.633000000000000118e-01
3.045999999999999819e-01
2.631999999999999895e-01
2.411000000000000087e-01
3.371999999999999997e-01
4.111000000000000210e-01
2.381000000000000061e-01
1.920000000000000040e-01
3.320000000000000173e-01
3.385000000000000231e-01
2.369999999999999885e-01
3.897999999999999798e-01
3.410000000000000253e-01
3.386000000000000121e-01
3.115999999999999881e-01
2.963000000000000078e-01
2.874999999999999778e-01
3.247999999999999776e-01
3.570999999999999730e-01
2.530999999999999917e-01
3.719000000000000083e-01
3.341999999999999971e-01
2.670000000000000151e-01
2.806000000000000161e-01
2.963000000000000078e-01
1.751000000000000056e-01
3.367999999999999883e-01
3.563999999999999946e-01
1.811000000000000110e-01
3.322999999999999843e-01
1.600000000000000033e-01
3.457000000000000073e-01
3.265000000000000124e-01
3.235999999999999988e-01
3.977999999999999869e-01
2.447000000000000008e-01
3.316999999999999948e-01
2.954999999999999849e-01
2.913999999999999924e-01
3.423999999999999821e-01
2.218999999999999861e-01
1.731999999999999929e-01
3.849000000000000199e-01
4.346999999999999753e-01
2.363000000000000100e-01
3.574999999999999845e-01
3.183000000000000274e-01
4.066000000000000170e-01
2.285999999999999976e-01
2.500000000000000000e-01
2.814999999999999725e-01
2.575000000000000067e-01
4.620000000000000218e-01
3.094000000000000083e-01
3.513000000000000012e-01
2.398000000000000131e-01
1.905999999999999917e-01
2.074999999999999900e-01
3.240999999999999992e-01
2.666999999999999926e-01
3.151999999999999802e-01
3.936000000000000054e-01
2.316999999999999893e-01
3.536000000000000254e-01
2.579000000000000181e-01
2.109999999999999931e-01
1.962000000000000133e-01
3.217999999999999750e-01
1.831000000000000127e-01
2.545999999999999930e-01
2.811000000000000165e-01
2.510999999999999899e-01
2.567999999999999727e-01
2.258999999999999897e-01
1.486999999999999988e-01
2.906000000000000250e-01
3.721999999999999753e-01
3.808000000000000274e-01
4.292000000000000259e-01
3.358999999999999764e-01
3.168000000000000260e-01
2.926000000000000267e-01
2.393000000000000127e-01
3.222999999999999754e-01
2.421000000000000096e-01
4.003999999999999782e-01
3.166999999999999815e-01
2.884999999999999787e-01
4.830999999999999739e-01
2.565000000000000058e-01
2.422999999999999876e-01
3.478999999999999870e-01
2.911000000000000254e-01
4.052000000000000046e-01
2.654000000000000248e-01
3.033000000000000140e-01
3.342999999999999861e-01
3.492999999999999994e-01
3.793000000000000260e-01
2.616999999999999882e-01
2.159000000000000086e-01
3.794000000000000150e-01
3.538999999999999924e-01
3.377999999999999892e-01
3.945000000000000173e-01
2.253000000000000003e-01
3.575999999999999734e-01
3.336000000000000076e-01
3.231999999999999873e-01
2.066000000000000059e-01
2.851000000000000201e-01
2.116999999999999993e-01
4.353000000000000203e-01
3.392999999999999905e-01
2.886000000000000232e-01
3.664999999999999925e-01
1.988999999999999935e-01
3.341999999999999971e-01
2.700000000000000178e-01
1.458000000000000129e-01
3.249000000000000221e-01
3.504999999999999782e-01
4.161000000000000254e-01
3.837999999999999745e-01
3.191999999999999837e-01
1.628999999999999893e-01
3.215999999999999970e-01
3.988999999999999768e-01
3.521000000000000241e-01
3.346999999999999975e-01
2.301999999999999880e-01
4.016000000000000125e-01
4.181000000000000272e-01
3.361999999999999988e-01
3.353999999999999759e-01
3.910000000000000142e-01
1.933999999999999886e-01
2.672999999999999821e-01
2.399000000000000021e-01
3.677000000000000268e-01
2.565999999999999948e-01
3.062000000000000277e-01
2.505000000000000004e-01
3.623000000000000109e-01
2.887000000000000122e-01
3.678000000000000158e-01
1.670000000000000095e-01
3.532000000000000139e-01
2.490999999999999881e-01
2.247000000000000108e-01
2.872999999999999998e-01
2.630000000000000115e-01
1.789000000000000035e-01
2.822000000000000064e-01
3.705999999999999850e-01
1.897000000000000075e-01
3.126999999999999780e-01
9.790000000000000091e-02
2.620000000000000107e-01
2.787999999999999923e-01
3.081999999999999740e-01
3.246999999999999886e-01
2.331999999999999906e-01
4.872000000000000219e-01
2.510999999999999899e-01
2.823999999999999844e-01
3.130000000000000004e-01
1.317000000000000115e-01
2.838999999999999857e-01
2.862999999999999989e-01
1.585999999999999910e-01
3.178000000000000269e-01
2.968999999999999972e-01
2.775000000000000244e-01
2.114999999999999936e-01
2.932000000000000162e-01
1.398000000000000076e-01
3.225000000000000089e-01
3.062000000000000277e-01
3.348999999999999755e-01
2.842999999999999972e-01
3.090999999999999859e-01
2.857000000000000095e-01
3.340000000000000191e-01
3.880000000000000115e-01
2.531999999999999806e-01
3.855999999999999983e-01
2.474999999999999978e-01
3.100999999999999868e-01
2.801000000000000156e-01
2.893000000000000016e-01
1.668000000000000038e-01
2.165999999999999870e-01
3.161999999999999811e-01
4.741000000000000214e-01
2.767000000000000015e-01
3.810000000000000053e-01
3.239000000000000212e-01
3.265000000000000124e-01
2.843999999999999861e-01
2.331000000000000016e-01
3.770999999999999908e-01
1.666999999999999871e-01
3.553000000000000047e-01
2.984999999999999876e-01
3.294000000000000261e-01
3.820000000000000062e-01
3.497999999999999998e-01
2.711999999999999966e-01
2.149000000000000077e-01
4.260999999999999788e-01
3.479999999999999760e-01
3.395000000000000240e-01
2.963000000000000078e-01
3.860000000000000098e-01
3.467999999999999972e-01
3.307999999999999829e-01
2.763999999999999790e-01
2.918999999999999928e-01
3.662000000000000255e-01
3.684999999999999942e-01
3.487000000000000099e-01
2.479000000000000092e-01
4.470000000000000084e-01
3.184000000000000163e-01
1.759000000000000008e-01
3.453999999999999848e-01
2.482000000000000040e-01
1.421000000000000041e-01
4.249999999999999889e-01
2.461000000000000132e-01
3.313999999999999724e-01
2.746999999999999997e-01
2.139000000000000068e-01
3.871999999999999886e-01
2.641000000000000014e-01
3.160000000000000031e-01
2.569000000000000172e-01
2.492000000000000048e-01
2.968000000000000083e-01
2.731000000000000094e-01
2.316999999999999893e-01
2.888000000000000012e-01
2.968999999999999972e-01
2.948000000000000065e-01
2.685000000000000164e-01
3.549999999999999822e-01
6.840000000000000246e-02
2.514000000000000123e-01
2.965999999999999748e-01
2.717999999999999861e-01
3.261999999999999900e-01
3.694000000000000061e-01
3.615999999999999770e-01
3.109999999999999987e-01
3.467000000000000082e-01
2.444999999999999951e-01
2.844999999999999751e-01
3.539999999999999813e-01
3.062000000000000277e-01
4.668999999999999817e-01
3.130000000000000004e-01
3.415000000000000258e-01
5.253999999999999782e-01
2.485999999999999877e-01
1.564000000000000112e-01
2.833999999999999853e-01
3.032000000000000250e-01
2.913999999999999924e-01
2.676000000000000045e-01
4.162000000000000144e-01
3.250000000000000111e-01
3.654000000000000026e-01
3.688000000000000167e-01
3.956999999999999962e-01
3.277999999999999803e-01
2.353999999999999981e-01
3.825000000000000067e-01
2.474999999999999978e-01
4.465000000000000080e-01
2.938999999999999946e-01
2.452999999999999903e-01
1.489000000000000046e-01
2.684000000000000274e-01
2.424000000000000044e-01
3.029000000000000026e-01
2.776000000000000134e-01
8.599999999999999312e-02
2.671999999999999931e-01
3.388999999999999790e-01
1.970999999999999974e-01
2.954999999999999849e-01
1.938000000000000000e-01
2.989999999999999880e-01
2.371999999999999942e-01
2.988999999999999990e-01
3.493999999999999884e-01
2.813999999999999835e-01
3.695999999999999841e-01
2.273999999999999910e-01
3.071999999999999731e-01
2.247999999999999998e-01
3.084999999999999964e-01
3.119000000000000106e-01
3.705999999999999850e-01
1.917000000000000093e-01
3.415000000000000258e-01
3.043000000000000149e-01
3.457999999999999963e-01
2.417999999999999872e-01
2.908999999999999919e-01
3.847999999999999754e-01
3.033000000000000140e-01
2.816000000000000170e-01
3.463999999999999857e-01
3.734999999999999987e-01
3.306999999999999940e-01
3.678000000000000158e-01
3.704999999999999960e-01
2.530999999999999917e-01
3.245999999999999996e-01
3.407999999999999918e-01
2.806000000000000161e-01
2.736000000000000099e-01
3.600999999999999757e-01
1.748000000000000109e-01
3.438999999999999835e-01
2.980999999999999761e-01
2.137999999999999901e-01
4.013999999999999790e-01
3.322999999999999843e-01
3.855999999999999983e-01
2.262000000000000122e-01
3.265000000000000124e-01
4.400000000000000022e-01
2.641999999999999904e-01
2.566999999999999837e-01
3.422999999999999932e-01
2.335000000000000131e-01
3.388999999999999790e-01
2.343999999999999972e-01
3.564999999999999836e-01
1.854000000000000092e-01
2.424999999999999933e-01
2.497999999999999943e-01
2.817999999999999949e-01
4.423000000000000265e-01
3.654999999999999916e-01
3.657000000000000250e-01
